735134400 
410810400
497296800
537213600
627026400
650311200
670269600
726818400
799999200
819957600
876506400
886485600
916423200
929728800
979624800
508107600
523076400
554677200
572972400
579625200
584614800
592930800
607899600
637837200
647816400
659458800
664448400
679417200
707691600
724323600
742618800
747608400
749271600
767566800
784198800
789188400
822452400
834094800
837421200
854053200
862369200
892306800
897296400
898959600
932223600
947192400
953845200
962161200
963824400
988772400
501870600
506860200
516007800
5185
02600
524323800
528481800
529313400
545945400
554261400
556756200
558419400
560914200
564240600
566735400
576714600
578377800
583367400
586693800
589188600
605820600
610810200
624115800
629105400
630768600
639084600
640747800
655716600
661537800
679001400
683159400
685654200
686485800
698128200
703117800
708107400
711433800
713928600
723076200
728065800
733055400
735550200
740539800
751350600
755508600
756340200
760498200
766319400
770477400
786277800
793762200
